name: pbhoney
channels:
  - mshokrof
  - conda-forge
  - bioconda
  - defaults
dependencies:
  - _libgcc_mutex=0.1=conda_forge
  - _openmp_mutex=4.5=1_gnu
  - blasr=5.3.5=0
  - blasr_libcpp=5.3.4=h6479705_1
  - bzip2=1.0.8=h7f98852_4
  - c-ares=1.17.1=h7f98852_1
  - ca-certificates=2020.12.5=ha878542_0
  - certifi=2019.11.28=py27h8c360ce_1
  - daligner=1.0.20200322=h779adbc_1
  - dazz_db=1.0=0
  - decorator=4.4.2=py_0
  - h5py=2.10.0=nompi_py27h513d04c_102
  - hdf5=1.10.5=nompi_h5b725eb_1114
  - htslib=1.10.2=hd3b49d5_1
  - intervaltree=3.0.2=py_0
  - intervaltree_bio=1.0.1=pyh864c0ab_2
  - k8=0.2.5=h9a82719_1
  - krb5=1.17.2=h926e7f8_0
  - ld_impl_linux-64=2.35.1=hea4e1c9_2
  - libblas=3.9.0=8_openblas
  - libcblas=3.9.0=8_openblas
  - libcurl=7.75.0=hc4aaa36_0
  - libdeflate=1.6=h516909a_0
  - libedit=3.1.20191231=he28a2e2_2
  - libev=4.33=h516909a_1
  - libffi=3.2.1=he1b5a44_1007
  - libgcc=7.2.0=h69d50b8_2
  - libgcc-ng=9.3.0=h2828fa1_18
  - libgfortran-ng=9.3.0=hff62375_18
  - libgfortran5=9.3.0=hff62375_18
  - libgomp=9.3.0=h2828fa1_18
  - liblapack=3.9.0=8_openblas
  - libnghttp2=1.43.0=h812cca2_0
  - libopenblas=0.3.12=pthreads_h4812303_1
  - libssh2=1.9.0=ha56f1ee_6
  - libstdcxx-ng=9.3.0=h6de172a_18
  - linecache2=1.0.0=py_1
  - minimap2=2.17=h5bf99c6_4
  - ncurses=6.2=h58526e2_4
  - networkx=2.2=py_1
  - numpy=1.16.5=py27h95a1406_0
  - openssl=1.1.1k=h7f98852_0
  - pbdagcon=0.1=boost1.60_0
  - pbhoney=15.8.24=py27_0
  - pip=20.1.1=pyh9f0ad1d_0
  - pysam=0.8.4=py27_0
  - python=2.7.15=h5a48372_1011_cpython
  - python_abi=2.7=1_cp27mu
  - readline=8.0=he28a2e2_2
  - samtools=0.1.19=hfb9b9cc_8
  - setuptools=44.0.0=py27_0
  - six=1.15.0=pyh9f0ad1d_0
  - sortedcontainers=2.3.0=pyhd8ed1ab_0
  - sqlite=3.35.2=h74cdb3f_0
  - tk=8.6.10=h21135ba_1
  - traceback2=1.4.0=py27_0
  - unittest2=1.1.0=py_0
  - wheel=0.36.2=pyhd3deb0d_0
  - xz=5.2.5=h516909a_1
  - zlib=1.2.11=h516909a_1010
prefix: /home/kyle.lesack1/miniconda3/envs/pbhoney
